Thresholds: [0.5299999713897705, 0.550000011920929, 0.2800000011920929, 0.47999998927116394, 0.6499999761581421, 0.5400000214576721, 0.4000000059604645, 0.5299999713897705, 0.3199999928474426, 0.6200000047683716, 0.4399999976158142, 0.4000000059604645, 0.38999998569488525, 0.23999999463558197, 0.23999999463558197, 0.4699999988079071, 0.3700000047683716, 0.5, 0.30000001192092896, 0.5199999809265137, 0.23999999463558197, 0.2199999988079071, 0.38999998569488525, 0.5299999713897705, 0.5400000214576721]
                 Mean    Median  ...       Min       Max
Accuracy     0.736925  0.735849  ...  0.509434  0.943396
Precision    0.696423  0.700000  ...  0.166667  1.000000
Recall       0.553801  0.555556  ...  0.117647  0.904762
Specificity  0.850457  0.852941  ...  0.633333  1.000000
Sensitivity  0.553801  0.555556  ...  0.117647  0.904762
PPV          0.696423  0.700000  ...  0.166667  1.000000
NPV          0.754564  0.756757  ...  0.461538  0.950000

[7 rows x 6 columns]
Median AUC: 0.7802658942364824
IQR: [0.7341896407685882, 0.8196871734587251]
Thresholds: [0.5299999713897705, 0.550000011920929, 0.2800000011920929, 0.47999998927116394, 0.6499999761581421, 0.5400000214576721, 0.4000000059604645, 0.5299999713897705, 0.3199999928474426, 0.6200000047683716, 0.4399999976158142, 0.4000000059604645, 0.38999998569488525, 0.23999999463558197, 0.23999999463558197, 0.4699999988079071, 0.3700000047683716, 0.5, 0.30000001192092896, 0.5199999809265137, 0.23999999463558197, 0.2199999988079071, 0.38999998569488525, 0.5299999713897705, 0.5400000214576721]
Median AUC: 0.6666666666666667
IQR: [0.5, 1.0]
