Thresholds: [0.5255842804908752, 0.5531166195869446, 0.20989990234375, 0.44333553314208984, 0.5451927781105042, 0.38866767287254333, 0.3413723409175873, 0.4316917657852173, 0.4397337734699249, 0.34873726963996887, 0.39890503883361816, 0.3614869713783264, 0.323611855506897, 0.31852927803993225, 0.25275692343711853, 0.3825708329677582, 0.31580138206481934, 0.3780234456062317, 0.27112242579460144, 0.3684781789779663, 0.24693401157855988, 0.34071874618530273, 0.36960166692733765, 0.6365578174591064, 0.3926311135292053]
                 Mean    Median  ...       Min       Max
Accuracy     0.717264  0.716981  ...  0.471698  0.924528
Precision    0.671411  0.687500  ...  0.214286  1.000000
Recall       0.508538  0.500000  ...  0.117647  0.933333
Specificity  0.846094  0.852941  ...  0.633333  1.000000
Sensitivity  0.508538  0.500000  ...  0.117647  0.933333
PPV          0.671411  0.687500  ...  0.214286  1.000000
NPV          0.735640  0.736842  ...  0.444444  0.972222

[7 rows x 6 columns]
Median AUC: 0.7665242165242165
IQR: [0.719805736059606, 0.808695652173913]
Thresholds: [0.5255842804908752, 0.5531166195869446, 0.20989990234375, 0.44333553314208984, 0.5451927781105042, 0.38866767287254333, 0.3413723409175873, 0.4316917657852173, 0.4397337734699249, 0.34873726963996887, 0.39890503883361816, 0.3614869713783264, 0.323611855506897, 0.31852927803993225, 0.25275692343711853, 0.3825708329677582, 0.31580138206481934, 0.3780234456062317, 0.27112242579460144, 0.3684781789779663, 0.24693401157855988, 0.34071874618530273, 0.36960166692733765, 0.6365578174591064, 0.3926311135292053]
Median AUC: 0.75
IQR: [0.5, 1.0]
