Thresholds: [0.5856083035469055, 0.5827026963233948, 0.29398295283317566, 0.5914872884750366, 0.650467038154602, 0.5671809315681458, 0.27732935547828674, 0.5033854246139526, 0.4844844341278076, 0.36361852288246155, 0.46848246455192566, 0.39182591438293457, 0.42434123158454895, 0.3488694727420807, 0.2714339792728424, 0.5136966109275818, 0.37831056118011475, 0.373199462890625, 0.20697608590126038, 0.3907429873943329, 0.4811130166053772, 0.4412539601325989, 0.29126814007759094, 0.7055368423461914, 0.4255378842353821]
                 Mean    Median  ...       Min       Max
Accuracy     0.733283  0.735849  ...  0.509434  0.924528
Precision    0.718083  0.727273  ...  0.153846  1.000000
Recall       0.495641  0.500000  ...  0.058824  0.833333
Specificity  0.879966  0.884615  ...  0.666667  1.000000
Sensitivity  0.495641  0.500000  ...  0.058824  0.833333
PPV          0.718083  0.727273  ...  0.153846  1.000000
NPV          0.738227  0.743223  ...  0.444444  0.948718

[7 rows x 6 columns]
Median AUC: 0.7887733905879066
IQR: [0.7461054597277508, 0.8304347826086956]
Thresholds: [0.5856083035469055, 0.5827026963233948, 0.29398295283317566, 0.5914872884750366, 0.650467038154602, 0.5671809315681458, 0.27732935547828674, 0.5033854246139526, 0.4844844341278076, 0.36361852288246155, 0.46848246455192566, 0.39182591438293457, 0.42434123158454895, 0.3488694727420807, 0.2714339792728424, 0.5136966109275818, 0.37831056118011475, 0.373199462890625, 0.20697608590126038, 0.3907429873943329, 0.4811130166053772, 0.4412539601325989, 0.29126814007759094, 0.7055368423461914, 0.4255378842353821]
Median AUC: 0.8333333333333333
IQR: [0.625, 1.0]
