Thresholds: [0.5983280539512634, 0.42405179142951965, 0.2718048095703125, 0.5315818786621094, 0.41586583852767944, 0.511510968208313, 0.4680934548377991, 0.5291493535041809, 0.6018112897872925, 0.43327051401138306, 0.5248128771781921, 0.4326297640800476, 0.538942277431488, 0.36150431632995605, 0.29935064911842346, 0.534309983253479, 0.3851877748966217, 0.4279332160949707, 0.3065401017665863, 0.30798351764678955, 0.38076597452163696, 0.41310107707977295, 0.2730763554573059, 0.6353733539581299, 0.4461110830307007]
                 Mean    Median  ...       Min       Max
Accuracy     0.739151  0.735849  ...  0.490566  0.924528
Precision    0.661254  0.666667  ...  0.250000  1.000000
Recall       0.652781  0.652174  ...  0.235294  1.000000
Specificity  0.792616  0.793103  ...  0.516129  1.000000
Sensitivity  0.652781  0.652174  ...  0.235294  1.000000
PPV          0.661254  0.666667  ...  0.250000  1.000000
NPV          0.786225  0.787879  ...  0.448276  1.000000

[7 rows x 6 columns]
Median AUC: 0.8005908741795837
IQR: [0.7575757575757576, 0.8417201773013787]
Thresholds: [0.5983280539512634, 0.42405179142951965, 0.2718048095703125, 0.5315818786621094, 0.41586583852767944, 0.511510968208313, 0.4680934548377991, 0.5291493535041809, 0.6018112897872925, 0.43327051401138306, 0.5248128771781921, 0.4326297640800476, 0.538942277431488, 0.36150431632995605, 0.29935064911842346, 0.534309983253479, 0.3851877748966217, 0.4279332160949707, 0.3065401017665863, 0.30798351764678955, 0.38076597452163696, 0.41310107707977295, 0.2730763554573059, 0.6353733539581299, 0.4461110830307007]
Median AUC: 0.8333333333333334
IQR: [0.6666666666666666, 1.0]
